
----------------------------------------

# training time:  9014.726 s
# prediction time:  20.168 s
# accuracy_bdt :  0.299696838458
# parameters:  AdaBoostClassifier(algorithm='SAMME',
          base_estimator=DecisionTreeClassifier(class_weight=None, criterion='gini', max_depth=5,
            max_features=None, max_leaf_nodes=None, min_samples_leaf=1,
            min_samples_split=2, min_weight_fraction_leaf=0.0,
            presort=False, random_state=None, splitter='best'),
          learning_rate=1.0, n_estimators=200, random_state=None)


##################################################


actual output: 6016876,6016845,6016845,6016832,6016838,6016856,6016882,6016893,6016873,6016858,6016838,6016907,6016849,6016881,6016896,6016886,6016878,6016851,6016837,6016932,6016832,6016893,6016843,6016932,6016879,6016853,6016856,6016893,6016831,6016891,6016850,6888816,6016870,6016905,6016834,6016838,6016838,6016856,6016922,6016872,6016917,6888816,6016849,6016890,6016837,6016937,6016843,6016896,6016890,6016849,6016858,6016849,6016849,6016838,6016838,6016872,6016881,6016856,6016878,6016838,6016898,6016912,6016838,6016838,6016879,6016839,6016865,6016849,6016855,6016842,6016889,6016876,6016837,6016890,6016842,6016932,6016862,6016880,6016840,6016913,6016878,6016844,6016872,6016920,6016838,6016928,6016838,6016843,6016837,6016844,6016856,6016927,6016830,6016838,6016878,6016879,6016928,6016838,6016838,6016890,6016866,6016868,6016890,6016837,6016850,6016921,6016849,6016843,6016849,6016836,6016874,6016849,6016842,6016907,6016926,6016872,6016872,6016893,6016849,6016843,6016898,6016912,6016839,6016849,6016832,6016924,6016912,6016912,6016836,6016844,6016844,6016835,6016837,6016849,6016835,6016849,6016856,6016866,6016888,6016838,6016892,6016905,6016856,6016856,6016893,6016862,6016893,6016855,6016853,6016928,6016856,6016856,6016838,6016878,6016832,6016913,6016856,6016842,6016921,6016877,6016929,6016897,6016892,6016832,6016931,6016873,6016838,6016930,6016859,6016867,6016867,6016930,6016891,6016879,6016849,6016849,6016838,6016864,6016898,6016856,6016849,6016842,6016940,6016838,6016920,6016838,6016912,6016896,6016920,6016873,6016907,6016838,6016838,6016844,6016844,6016837,6016838,6016838,6016843,6016827,6016833,6016862,6016838,6016893,6016898,6016838,6016879,6016849,6016849,6016843,6016828,6016921,6016842,6016873,6016926,6016879,6016849,6016879,6016924,6016918,6016838,6888811,6016920,6016879,6016832,6016847,6016844,6016878,6016933,6016919,6016849,6016838,6016918,6016879,6016856,6016915,6016879,6016849,6016872,6016835,6016827,6016897,6016849,6016856,6016892,6016833,6016838,6016926,6016930,6016838,6016926,6016838,6016893,6016855,6016834,6016844,6016879,6016837,6016924,6016856,6016940,6016856,6016931,6016849,6016838,6016912,6016838,6016893,6016863,6016838,6016889,6016844,6016856,6016832,6016849,6016897,6016924,6016844,6016873,6888816,6016897,6016893,6016937,6888809,6016893,6016872,6888816,6016876,6016831,6016849,6016922,6016849,6016838,6016872,6016893,6016879,6016891,6016897,6016856,6016893,6016870,6016873,6016930,6016838,6016849,6016866,6016898,6016859,6016914,6016912,6016897,6016843,6016856,6016843,6016933,6016912,6016838,6016877,6016925,6016849,6016878,6016937,6016931,6016856,6016912,6016849,6016928,6016895,6016891,6016838,6016837,6016925,6016849,6016856,6016849,6016931,6016913,6016896,6016905,6016849,6016926,6016853,6016887,6016844,6016853,6016843,6016866,6016893,6016933,6016856,6016896,6016849,6016918,6016849,6016926,6888816,6016879,6016862,6016873,6016856,6016857,6016832,6016881,6016838,6016854,6016873,6016840,6016895,6016889,6016928,6016898,6016921,6016849,6016843,6016833,6016870,6016879,6016828,6016879,6016830,6016866,6016892,6016835,6016893,6016832,6016849,6016873,6016849,6016838,6888811,6016928,6016856,6016838,6016849,6016843,6016938,6016930,6016849,6016915,6016925,6016889,6016849,6016885,6016927,6016870,6016878,6016842,6016849,6016849,6016838,6016935,6016890,6016864,6016867,6016849,6016878,6016934,6016926,6016868,6016938,6016889,6016932,6016845,6016849,6016907,6016849,6016897,6016849,6016933,6016872,6016835,6016843,6016879,6016872,6888809,6016835,6016910,6016878,6016844,6016913,6016849,6016856,6016828,6016840,6016912,6016828,6016856,6016840,6016853,6016872,6016925,6016933,6016856,6016851,6016838,6016849,6016926,6016891,6016928,6016879,6016844,6016843,6016850,6016834,6016890,6016841,6016858,6016891,6016864,6016870,6016873,6016878,6016889,6016838,6016890,6016849,6016872,6016934,6016930,6016849,6016849,6016873,6016849,6016894,6016872,6016831,6016862,6016918,6016870,6016849,6016882,6016838,6016858,6016905,6016835,6016893,6016828,6016873,6016838,6016838,6016930,6016893,6888816,6016873,6016868,6016863,6016872,6016897,6016933,6016871,6016888,6016880,6016878,6016932,6016895,6016905,6016843,6016861,6016849,6016893,6016878,6016891,6016881,6016928,6016868,6016927,6016833,6016864,6016938,6016843,6016843,6016842,6016895,6016938,6016844,6016843,6016899,6016861,6016859,6016911,6016842,6016828,6016912,6016872,6888809,6016938,6016918,6016849,6016829,6016872,6016866,6016855,6016835,6016834,6016879,6016867,6016831,6016894,6016856,6016879,6016931,6016837,6016930,6016838,6016897,6016837,6016849,6016849,6016832,6016843,6888816,6016933,6016893,6016929,6016837,6016828,6016865,6016933,6016843,6016836,6016873,6016891,6016837,6016926,6016928,6016872,6016861,6016934,6016840,6016838,6016849,6016912,6016906,6016893,6016926,6016867,6016912,6016849,6016872,6016924,6016879,6016839,6016837,6888809,6016849,6016897,6016893,6016907,6016891,6016837,6016931,6016872,6016897,6888816,6016896,6016880,6016844,6016893,6016932,6016872,6016834,6016912,6016879,6016869,6016830,6016912,6016891,6016867,6016844,6016924,6016838,6016912,6016838,6016926,6016876,6016834,6016905,6016828,6016835,6016844,6016912,6016910,6016843,6016832,6016938,6016907,6888816,6016937,6016912,6016926,6016858,6016838,6888811,6016889,6016843,6016832,6016849,6016872,6016838,6016831,6016842,6016890,6016835,6016837,6016850,6016832,6016844,6016843,6016897,6016872,6016913,6016838,6016872,6016849,6016832,6016871,6016877,6016897,6016867,6016870,6016873,6016838,6016891,6016885,6016835,6016838,6016878,6016838,6016855,6016838,6016844,6016890,6016926,6016856,6016843,6016854,6016831,6016890,6016939,6016892,6016924,6016891,6016856,6016843,6016876,6016912,6016872,6016890,6016930,6016893,6016838,6016837,6888811,6016870,6016847,6016907,6016886,6016928,6016836,6016879,6016838,6016838,6016856,6016906,6016879,6016849,6016843,6016873,6016844,6016888,6888809,6016849,6016878,6016917,6016844,6016838,6016849,6016861,6016915,6016872,6016856,6888809,6016837,6016859,6016925,6016870,6016897,6016893,6016837,6016894,6016921,6016922,6016838,6016838,6016844,6016835,6016879,6016930,6016849,6016890,6016828,6016865,6016835,6016933,6016925,6016849,6016873,6016842,6016938,6016837,6016858,6016878,6016834,6016856,6016834,6016838,6016873,6016858,6016858,6016919,6016872,6016872,6888811,6016853,6016879,6888809,6016925,6016917,6016838,6016891,6016840,6016828,6016912,6016872,6016833,6016849,6016912,6016879,6016890,6016836,6016838,6016872,6016870,6016934,6016914,6016924,6016856,6016899,6016849,6016838,6016856,6016838,6016843,6016870,6016910,6016872,6016928,6016849,6016838,6016879,6016844,6016896,6016897,6016837,6016880,6016843,6016873,6016843,6016878,6016838,6016856,6016828,6016843,6016835,6016838,6016834,6016879,6016873,6016874,6016935,6016838,6016870,6016849,6016849,6016897,6016879,6016837,6016872,6016838,6016865,6016896,6016921,6016859,6016905,6016877,6016934,6016831,6016849,6016856,6016868,6016899,6016830,6016905,6016878,6016837,6016849,6016930,6016849,6016925,6016831,6016843,6016886,6016891,6016837,6016874,6016877,6016931,6016868,6016905,6016827,6016912,6016849,6016849,6016927,6016849,6016924,6016879,6016893,6016928,6016905,6016843,6016832,6016842,6016862,6016893,6016853,6888811,6016838,6016872,6016833,6016915,6016838,6016879,6016915,6016835,6016849,6016828,6016878,6016876,6016854,6016866,6016872,6016837,6016842,6016879,6016872,6016907,6016907,6016897,6016862,6016938,6016934,6016836,6888808,6016856,6016872,6888808,6016856,6016832,6016893,6016831,6016889,6016849,6016930,6016873,6016837,6016872,6016849,6016891,6016849,6016849,6016925,6016912,6016891,6016873,6888811,6016879,6016907,6016827,6016938,6016844,6016935,6016849,6016856,6016892,6016888,6016885,6016828,6016843,6016933,6016930,6016897,6016893,6016930,6016849,6016890,6016843,6016889,6016881,6016849,6016883,6016926,6016879,6016914,6016837,6016844,6016849,6016842,6016867,6016863,6016843,6016837,6016856,6016872,6016913,6016913,6016849,6016913,6016935,6016845,6016926,6888811,6016854,6016827,6016879,6016912,6016912,6016847,6016837,6016889,6016890,6016872,6016858,6016879,6016878,6016838,6016920,6016832,6016894,6016878,6016838,6016840,6016856,6016880,6016926,6016833,6016930,6016837,6016838,6016838,6016834,6016926,6016854,6016859,6016871,6016872,6016897,6016891,6016881,6016872,6016850,6016854,6016874,6016934,6016840,6888811,6016883,6016837,6016835,6016834,6016842,6016864,6016876,6016838,6016879,6016837,6016834,6016924,6016849,6016827,6016879,6016829,6016891,6016897,6016907,6016829,6016843,6016864,6016835,6016933,6016905,6016938,6016860,6016880,6016856,6016926,6016872,6016915,6016844,6016879,6016837,6016851,6016866,6016843,6016915,6016845,6016868,6888809,6016837,6016927,6016836,6016873,6016883,6016849,6016874,6888811,6016932,6016843,6016840,6016849,6016838,6016853,6016849,6016844,6016849,6016930,6016917,6016882,6016856,6016897,6016874,6016834,6016867,6016872,6016838,6016856,6016873,6016930,6016840,6016894,6016865,6016878,6016898,6016843,6016874,6016894,6016866,6016849,6016858,6016861,6016842,6016929,6016843,6016878,6016865,6016845,6016838,6016912,6016920,6016849,6016938,6016849,6016922,6016841,6016893,6016937,6016838,6016899,6016838,6016879,6016828,6016843,6016897,6016879,6016840,6016853,6888808,6016847,6016849,6016931,6016866,6016837,6016835,6016849,6016843,6016843,6016843,6016925,6016842,6016849,6016893,6016856,6016880,6016905,6016873,6016926,6016835,6016838,6016849,6016837,6016827,6016897,6016928,6016830,6016915,6016894,6016838,6016838,6016890,6016873,6016926,6016861,6016887,6016924,6016915,6888811,6016849,6016873,6016856,6016827,6016868,6016827,6016840,6016895,6016905,6016893,6016915,6016838,6016924,6016859,6016912,6016827,6016838,6016868,6016831,6016927,6016853,6016907,6016868,6016838,6016847,6016926,6016897,6016868,6016921,6016832,6016849,6016912,6016844,6016860,6016849,6016937,6016849,6016905,6016907,6016872,6016920,6016914,6016835,6016847,6016872,6016918,6016849,6016858,6016876,6016858,6016849,6016872,6016849,6016843,6016893,6016872,6016870,6016831,6016849,6016849,6016927,6016856,6016843,6016843,6016837,6016849,6016830,6016862,6016856,6016838,6016843,6016880,6016849,6016840,6016891,6016912,6016935,6016870,6016843,6016843,6016918,6016849,6016907,6016910,6016877,6016861,6016849,6016838,6016861,6016912,6016893,6016918,6016842,6016832,6016872,6016876,6016849,6016871,6016836,6016924,6016897,6888809,6016834,6016897,6016834,6016899,6016837,6016854,6016849,6016843,6016838,6016849,6016905,6016872,6016859,6016878,6016910,6016832,6016926,6016849,6016844,6016837,6016849,6016899,6016843,6016849,6016897,6016907,6016886,6016838,6016856,6016836,6016879,6016899,6016878,6016835,6016838,6016887,6016878,6016871,6016849,6016837,6016890,6016921,6016837,6016890,6016849,6016887,6016879,6016837,6016912,6016910,6016881,6016912,6016917,6016937,6016832,6888816,6016844,6016834,6016874,6016927,6016877,6016849,6016835,6016893,6016891,6016876,6016872,6016862,6016850,6016868,6016935,6016845,6016849,6016841,6016849,6016849,6016893,6016856,6016845,6016844,6016931,6016925,6016838,6016924,6016849,6016879,6016838,6016870,6016835,6016839,6016827,6888809,6016876,6016912,6016896,6016849,6016893,6016828,6016939,6016915,6016856,6016929,6016838,6016849,6016835,6016921,6016843,6016886,6016844,6016898,6016849,6016836,6016835,6016857,6016870,6016849,6016897,6016842,6016838,6016925,6016849,6016844,6016889,6016843,6016870,6016856,6016876,6016838,6016873,6016891,6016833,6016872,6016856,6016832,6016925,6016838,6016837,6016929,6016880,6016829,6016834,6016866,6016843,6016940,6016926,6016839,6016849,6888809,6016838,6016939,6016878,6016912,6016927,6016876,6016893,6016838,6888811,6016835,6016845,6016838,6016879,6016912,6016856,6016891,6016838,6016849,6016878,6016838,6016849,6016918,6016939,6016840,6016872,6016851,6016895,6016856,6016855,6016836,6016842,6016838,6016842,6016849,6016849,6016872,6016864,6016890,6016873,6016929,6016871,6016925,6016843,6016833,6016924,6016938,6016912,6016838,6016833,6016849,6016907,6016850,6016931,6016879,6016853,6016856,6016854,6016838,6016938,6016870,6016835,6016895,6016905,6016849,6016870,6016838,6016849,6016837,6016881,6016897,6016840,6016870,6016922,6016905,6888811,6016838,6016910,6016872,6016932,6016838,6016907,6016853,6016835,6016854,6016832,6016870,6016846,6016828,6016876,6016860,6016896,6016897,6016899,6016849,6016872,6016891,6016838,6016873,6016933,6888809,6016835,6016845,6016926,6016854,6016926,6016862,6016843,6016873,6016837,6016921,6016890,6888811,6016834,6016830,6016868,6016890,6016854,6016845,6016827,6016912,6016890,6016832,6016892,6016832,6016925,6016872,6016915,6016932,6016838,6016912,6016834,6016912,6016919,6016861,6016855,6016883,6016912,6016905,6016864,6016870,6016870,6016856,6888816,6016845,6016856,6016876,6016856,6016858,6016835,6016864,6016843,6016878,6016935,6016856,6016899,6016844,6016838,6016890,6016931,6016913,6016843,6016849,6016856,6016876,6016926,6016843,6888809,6016879,6016893,6016924,6016926,6016843,6016921,6016856,6016926,6016858,6016838,6016915,6016915,6016835,6016843,6016849,6016925,6016912,6016920,6016931,6016872,6016931,6016856,6016843,6016829,6016833,6016939,6016857,6016863,6016828,6016863,6016855,6016896,6016872,6016897,6016872,6016872,6016878,6016838,6016849,6016838,6016934,6016851,6016893,6016849,6016838,6016887,6016872,6016837,6016845,6016930,6016838,6016838,6016834,6016890,6016838,6016844,6016890,6016878,6016907,6016840,6016856,6016849,6016832,6016926,6016831,6016837,6016845,6016892,6016907,6016890,6016831,6016905,6016832,6016873,6016930,6016838,6016849,6016912,6016938,6016840,6016889,6016934,6016849,6016837,6016849,6016937,6016859,6016845,6016856,6016895,6016872,6016845,6016895,6016917,6016837,6888809,6016836,6016872,6016832,6016893,6016883,6016872,6016896,6016838,6016931,6016844,6016834,6016843,6016912,6016887,6016870,6016856,6016895,6016849,6016831,6016849,6016892,6016838,6016907,6016932,6016925,6016893,6016856,6016858,6016889,6016898,6016883,6016873,6016940,6016911,6016890,6016924,6016872,6016849,6016865,6016870,6016924,6016894,6016889,6016868,6016912,6016912,6016879,6016893,6016898,6016838,6016879,6016907,6016838,6016915,6016926,6016931,6016859,6016873,6016838,6016924,6016835,6016838,6016838,6016849,6016930,6016832,6016893,6016893,6016921,6016907,6016891,6016925,6016915,6016843,6016915,6016891,6016854,6016844,6016856,6016838,6016924,6016849,6016893,6016843,6016838,6016892,6016864,6016878,6016876,6016918,6016840,6016932,6016894,6016838,6016912,6016837,6016894,6016832,6016872,6016922,6016843,6016838,6016922,6016939,6016879,6016837,6016838,6016873,6016885,6016863,6016879,6016838,6016861,6016849,6016828,6016856,6016838,6016912,6016838,6016913,6016927,6016879,6016872,6016896,6016926,6016878,6016930,6016843,6016928,6016838,6016837,6016842,6016890,6016843,6016849,6016934,6016858,6016854,6016930,6016827,6016939,6016935,6016938,6016914,6016832,6016907,6016838,6016850,6016926,6016849,6016870,6016873,6016832,6016843,6016849,6016926,6016907,6016893,6016917,6016907,6016870,6016866,6016840,6016862,6016889,6016835,6016899,6016842,6016849,6016880,6016872,6016835,6016861,6016838,6016905,6016844,6016838,6016835,6016842,6016931,6016837,6016919,6016850,6016919,6016930,6016849,6016879,6016937,6016905,6016893,6016838,6016865,6016849,6016850,6016849,6016894,6016883,6016844,6016921,6016913,6016874,6016842,6016838,6016867,6016919,6016849,6016915,6016879,6016920,6016899,6016865,6016838,6016929,6016921,6016838,6016849,6016862,6016829,6016878,6016885,6016843,6016842,6016932,6016872,6016831,6888808,6016925,6016838,6016862,6016883,6016844,6016844,6016926,6016872,6016834,6016849,6016872,6016912,6016849,6016885,6016843,6016872,6888816,6016838,6016887,6016837,6016897,6016835,6016849,6016870,6016843,6016892,6016915,6016940,6016937,6016927,6016896,6016849,6016877,6016897,6016879,6016844,6016872,6016849,6016867,6016832,6016924,6016893,6016895,6016837,6016847,6016844,6016857,6016849,6016926,6016833,6016926,6016861,6016879,6016912,6016837,6016845,6016872,6016924,6016863,6016850,6016838,6016913,6016872,6016912,6016837,6016870,6016849,6016929,6016870,6016838,6016928,6016878,6016855,6016849,6016868,6016871,6016876,6016835,6016872,6016881,6016915,6016897,6016835,6016920,6016842,6016935,6016872,6016849,6016845,6016845,6016835,6016912,6016854,6016849,6016879,6016827,6016840,6016881,6016917,6016894,6016858,6016893,6016876,6016910,6016843,6016873,6016856,6016876,6016866,6016834,6016940,6016907,6016879,6016890,6016897,6016895,6016856,6016887,6016934,6016853,6016838,6016837,6016849,6016849,6016939,6016919,6016849,6016866,6016899,6016879,6016838,6016879,6016849,6016837,6016874,6016849,6016879,6016930,6016837,6016828,6016843,6016851,6016840,6016843,6016849,6016876,6016833,6016897,6016828,6016893,6016843,6016868,6016913,6016849,6016843,6016872,6016879,6016831,6016838,6016838,6016879,6888811,6016828,6016838,6016849,6016830,6888809,6016893,6016835,6016905,6016860,6016926,6016872,6016913,6016872,6016843,6016858,6016842,6016844,6016912,6016905,6016834,6016891,6016880,6016915,6016849,6016880,6016892,6016866,6016837,6016879,6016835,6016873,6016866,6016872,6016870,6016858,6016830,6016838,6016857,6016878,6016837,6016880,6016883,6016932,6016844,6016907,6016838,6016879,6016838,6016832,6016912,6016870,6016856,6016838,6888811,6016882,6016879,6016926,6016930,6016857,6016872,6016919,6016872,6016932,6016849,6016879,6016856,6016893,6016933,6016849,6016843,6016858,6016838,6016839,6888816,6016928,6016835,6016939,6016876,6888809,6016905,6016849,6016893,6016849,6016838,6016860,6016849,6016849,6016849,6016932,6016849,6016862,6016928,6016872,6016913,6016837,6016849,6016897,6016864,6016878,6016845,6016883,6016874,6016830,6016872,6016837,6016856,6016879,6016912,6016872,6016835,6016849,6016925,6016912,6016872,6016849,6016849,6016838,6016934,6016893,6016857,6016921,6016839,6016850,6016831,6016849,6016891,6016913,6016838,6016893,6016849,6016858,6016879,6888808,6016905,6016892,6016842,6016872,6016873,6016835,6016907,6016843,6016835,6016912,6016897,6016874,6016912,6016849,6016828,6016879,6016858,6016879,6016838,6016834,6016857,6016828,6016886,6016837,6016907,6888809,6016832,6016842,6016836,6016873,6016893,6016832,6016892,6016838,6016837,6016843,6016847,6016842,6016834,6016845,6016851,6016893,6016910,6016891,6016856,6016880,6016906,6016865,6016879,6016896,6016873,6016860,6016873,6016843,6016828,6016897,6016880,6016838,6016868,6016862,6016845,6016917,6016935,6016849,6016849,6016897,6016890,6016835,6016834,6016838,6016838,6016910,6016879,6016838,6016921,6016849,6016843,6016907,6016849,6016840,6016928,6016842,6016858,6016893,6016910,6016849,6016842,6016873,6016870,6016930,6016864,6016938,6016882,6016912,6016880,6016849,6888808,6016835,6016897,6016879,6016940,6016827,6016872,6016878,6016912,6016843,6016844,6016838,6016877,6016834,6016887,6016873,6016838,6016862,6016893,6016872,6016868,6016879,6016829,6016912,6016912,6016856,6016897,6016856,6016858,6016934,6016912,6016912,6016849,6016913,6016871,6016868,6016872,6016880,6016883,6016832,6016849,6016843,6016837,6016869,6016932,6016868,6016843,6016842,6016926,6016872,6016840,6016917,6016832,6016926,6016844,6016879,6016829,6016849,6016838,6016928,6016914,6016839,6016890,6016837,6016864,6016911,6016926,6016892,6016915,6016849,6016849,6016843,6016849,6016879,6016828,6016927,6016833,6016856,6016842,6016924,6016912,6016865,6016833,6016890,6016873,6016838,6888811,6016849,6016890,6016873,6016929,6016840,6016849,6016835,6016838,6016873,6016838,6016838,6016877,6016877,6016860,6016833,6016912,6016865,6016872,6016881,6888809,6016919,6016872,6016872,6016892,6016849,6016879,6016897,6016834,6016889,6016931,6016893,6016849,6016838,6016893,6016881,6016843,6016915,6016832,6016912,6016834,6016874,6016912,6016938,6016829,6016893,6016890,6016865,6016878,6888809,6016849,6016847,6016938,6016835,6016838,6016856,6016893,6016845,6016912,6016849,6016849,6016838,6016849,6016876,6016926,6016870,6016890,6016872,6888811,6016927,6016879,6016832,6016837,6016838,6016893,6016849,6016856,6016892,6016934,6016861,6888808,6016856,6016897,6016831,6016847,6016868,6016907,6016856,6016905,6016868,6016868,6016873,6016892,6016861,6016890,6016843,6016838,6016893,6016844,6016845,6016831,6016878,6016849,6016872,6016853,6016842,6016926,6016843,6016929,6016912,6016880,6016932,6016893,6016868,6016912,6016878,6016849,6016928,6016897,6016892,6016940,6016912,6016873,6016837,6016849,6016838,6016899,6016938,6016871,6016907,6016940,6888811,6016856,6016938,6016832,6016856,6016858,6016905,6016835,6016834,6016849,6016918,6016856,6016838,6016849,6016890,6016849,6016922,6016873,6016831,6016870,6016849,6016849,6016849,6016885,6016836,6016922,6016838,6016882,6016933,6016834,6016913,6016831,6016849,6016830,6016840,6016926,6016858,6016849,6016858,6016854,6016912,6016837,6016838,6016912,6016894,6016934,6016932,6016842,6016839,6016879,6016849,6016922,6016830,6016872,6016912,6016838,6016897,6016831,6016849,6016849,6016870,6016917,6016924,6016856,6016907,6016845,6016927,6016849,6016898,6016865,6016844,6016879,6016940,6016910,6016918,6016937,6016856,6016860,6016907,6016867,6016856,6016831,6016840,6016893,6016838,6016834,6016915,6016893,6016834,6016838,6016838,6016849,6016926,6016855,6016849,6016893,6016849,6016849,6016870,6016879,6016912,6016869,6016896,6016842,6016849,6016844,6016872,6016856,6016926,6016859,6016876,6016929,6016879,6016870,6016912,6016881,6016838,6016929,6016925,6016873,6016932,6016935,6016872,6016879,6016838,6016912,6016917,6016893,6016828,6016868,6016890,6016879,6016893,6016862,6016835,6016838,6016840,6016880,6016879,6016929,6016831,6016893,6016849,6016854,6016861,6016837,6016876,6016838,6016887,6016842,6016893,6016905,6016838,6016872,6016849,6016845,6016849,6016899,6016835,6016838,6016843,6888811,6016912,6016873,6016939,6016845,6016849,6016842,6016849,6016849,6016872,6016915,6016907,6016871,6016907,6016849,6888809,6016912,6016932,6016857,6016832,6016925,6016926,6016926,6016849,6016890,6016856,6016897,6016858,6016828,6016843,6016924,6016878,6016919,6016862,6016843,6016870,6016838,6016861,6016870,6016840,6016849,6016844,6016849,6016926,6016849,6016828,6016897,6016912,6016836,6016837,6016840,6016883,6016843,6016856,6016849,6016849,6016838,6016879,6016838,6016844,6016849,6016837,6888811,6016878,6016862,6016893,6016896,6016866,6016849,6016838,6016837,6016849,6016879,6016879,6016873,6016856,6016897,6016831,6016842,6016877,6016849,6016828,6016838,6016891,6016835,6016837,6016839,6016921,6016895,6016849,6016849,6016847,6016828,6016838,6016843,6016915,6016832,6016873,6016832,6016893,6016838,6016921,6016843,6016926,6016917,6016878,6016879,6016858,6016843,6016892,6016858,6016912,6016858,6016898,6016862,6016879,6016873,6016853,6016928,6016831,6016924,6016872,6016849,6016842,6016838,6016835,6016845,6016939,6016879,6016883,6016892,6016849,6016879,6016873,6016837,6016837,6016863,6016891,6016843,6016838,6016833,6016838,6016932,6016837,6016853,6016872,6016843,6016920,6016835,6016838,6016872,6016838,6888809,6016899,6016872,6016879,6016932,6016840,6016851,6016926,6016832,6016857,6016872,6016838,6016893,6016921,6016831,6016837,6016832,6016849,6016879,6016838,6016867,6016893,6016872,6016915,6016838,6016856,6016876,6016838,6016873,6016831,6016931,6016849,6016911,6016912,6016922,6016891,6016912,6016926,6016849,6016843,6016890,6016843,6016831,6016845,6016912,6016856,6016868,6016894,6016873,6016837,6016933,6016920,6016849,6016856,6016834,6016840,6016840,6016872,6016843,6016920,6016856,6016930,6016862,6016849,6016838,6016845,6016838,6016856,6016833,6016878,6016856,6016843,6016912,6016937,6016893,6016879,6016905,6016838,6016879,6016838,6016833,6016929,6016858,6016843,6016840,6016833,6016838,6016840,6016897,6016899,6888809,6016827,6016905,6016849,6016832,6016907,6016849,6016894,6016833,6016881,6016827,6016938,6016844,6888808,6016880,6016897,6016856,6016907,6016849,6016864,6016831,6016849,6016849,6016849,6016907,6016870,6016894,6888811,6016934,6016915,6016838,6016912,6016829,6016847,6016897,6016918,6016879,6016924,6016874,6016907,6016910,6016853,6016878,6016924,6016873,6016890,6016829,6016856,6016832,6016838,6016828,6016897,6016856,6016835,6016933,6016876,6016838,6016862,6016873,6016872,6016913,6016873,6016849,6016856,6016849,6016870,6016872,6016849,6016861,6016842,6016838,6016860,6016894,6016921,6016912,6016907,6016840,6016915,6016939,6016919,6016928,6016890,6016879,6016840,6016917,6016912,6016879,6016927,6016849,6016879,6016842,6016906,6016893,6016878,6888811,6016837,6016883,6016932,6016843,6016872,6016845,6016873,6016893,6016922,6016913,6016842,6016856,6016854,6016832,6016843,6016926,6016879,6016834,6016834,6016838,6016913,6016873,6016845,6016898,6016843,6016893,6016872,6016928,6016838,6016838,6016835,6016873,6016887,6016838,6016849,6016914,6016836,6016872,6016829,6016907,6016858,6016838,6016879,6016849,6016878,6016830,6016847,6016838,6016876,6016929,6016837,6016838,6016919,6016904,6016925,6016872,6016843,6016926,6016838,6016859,6016870,6016930,6016844,6016907,6016831,6016870,6016893,6016864,6016868,6016857,6016872,6016872,6016925,6016838,6016843,6016893,6016838,6016849,6016931,6016891,6016935,6888809,6016915,6016856,6016837,6016924,6016907,6016897,6016880,6016912,6016878,6016843,6016913,6016843,6016856,6016926,6016856,6016933,6016879,6016849,6016858,6016843,6016844,6016898,6016912,6016907,6016912,6016891,6016928,6016849,6016872,6016919,6016840,6016861,6016891,6016842,6016894,6016880,6016849,6016892,6016853,6016919,6016905,6016856,6016843,6016887,6016844,6016849,6016849,6016939,6016867,6016849,6016938,6016938,6016837,6016838,6016868,6016891,6016837,6016873,6016870,6016838,6016856,6016866,6016873,6016836,6016827,6016890,6016843,6016843,6016841,6016879,6016855,6016926,6016845,6016849,6016935,6016837,6016933,6016899,6016837,6016924,6016907,6016932,6016879,6016880,6016858,6016843,6888809,6016887,6016838,6016842,6016920,6016927,6016912,6016849,6016853,6016926,6016862,6016856,6016893,6016845,6016915,6016873,6016831,6888809,6016837,6016873,6016838,6016907,6016837,6016849,6016907,6016843,6016862,6016890,6016922,6016843,6016879,6016893,6016871,6016838,6016856,6016898,6016912,6016905,6016907,6016849,6016837,6016859,6016915,6016843,6016856,6016914,6016831,6016912,6016855,6016872,6016891,6016872,6016856,6016873,6016907,6016849,6016920,6016873,6016849,6016867,6016928,6016922,6016858,6016873,6888811,6016905,6016935,6016832,6016876,6016856,6016918,6016856,6016891,6016849,6016832,6016836,6016830,6016828,6016926,6016879,6016856,6016873,6016919,6016867,6016832,6016930,6016849,6016829,6016849,6016930,6016922,6016837,6016879,6016893,6016912,6016849,6016856,6888809,6016834,6016849,6016879,6016847,6016850,6016897,6016828,6016911,6016876,6016897,6016890,6016933,6016838,6016879,6016837,6016856,6016828,6016926,6016835,6016853,6016925,6016872,6016834,6016868,6016853,6016897,6016834,6016920,6016849,6016905,6016829,6016905,6016929,6016931,6016876,6016876,6016850,6016878,6016849,6016856,6016870,6016921,6016874,6016926,6016838,6016872,6016930,6016931,6016872,6016835,6016856,6016849,6888809,6016829,6016838,6016932,6016849,6016893,6016856,6016838,6016920,6016893,6016832,6888816,6016915,6016879,6016854,6016919,6016926,6016835,6016838,6016926,6016912,6888816,6016872,6016838,6016922,6016938,6016838,6016856,6016837,6016879,6016838,6016857,6016879,6016873,6016838,6016892,6016838,6016838,6016832,6016834,6016929,6016838,6016878,6016856,6016873,6016876,6016844,6016870,6016856,6016861,6016921,6016926,6016843,6016837,6016838,6016856,6016917,6016918,6016857,6016835,6016876,6016838,6016838,6016827,6016849,6016837,6016907,6016890,6016843,6016849,6016873,6016858,6016925,6016937,6016835,6016926,6016879,6016872,6016866,6016849,6016889,6016904,6016830,6016880,6016877,6016837,6016849,6016843,6016879,6016897,6016838,6016879,6016838,6016845,6016847,6016849,6016849,6016849,6016849,6016833,6016849,6016843,6016879,6016849,6016879,6016849,6016915,6016937,6016834,6016838,6016873,6016889,6016895,6016926,6016907,6016843,6016926,6016849,6016856,6016893,6016866,6016897,6016919,6016890,6016860,6016879,6016849,6016927,6016835,6016891,6016930,6016849,6016838,6016899,6016872,6016910,6016932,6016838,6016859,6016881,6016878,6016856,6016878,6016835,6016937,6016917,6016849,6016921,6016893,6016922,6016851,6016891,6016861,6016842,6016856,6016856,6016883,6016838,6016932,6016837,6016918,6016832,6016844,6016897,6016842,6016856,6016849,6016907,6016838,6016829,6016844,6016853,6016870,6016890,6016880,6016838,6016890,6016879,6016847,6016921,6016856,6016868,6016849,6016838,6016835,6016911,6016830,6016878,6016862,6016833,6016929,6016929,6016839,6016891,6016837,6016879,6016915,6016921,6016856,6016849,6016879,6016890,6016930,6016879,6016917,6016915,6016847,6016935,6016843,6016838,6016886,6016838,6016838,6016868,6016891,6016876,6016897,6016863,6016833,6016831,6016855,6016912,6016831,6016840,6016837,6016927,6016926,6016868,6016879,6016839,6016838,6016926,6016878,6016862,6016874,6016843,6016915,6016832,6016914,6016896,6016856,6016907,6016856,6016853,6016872,6016879,6016842,6016879,6016839,6016927,6016872,6016828,6016940,6016878,6016876,6016930,6016932,6016893,6016850,6016876,6016844,6016926,6016837,6016834,6016926,6016926,6016836,6016832,6888816,6016880,6016828,6016838,6016899,6016849,6016897,6016849,6016844,6016833,6016876,6016838,6016935,6016849,6016849,6016931,6016849,6016862,6016872,6016879,6016843,6016879,6016878,6016849,6016849,6016859,6016838,6016849,6016894,6016838,6016867,6016885,6016849,6016915,6016838,6016912,6016849,6016838,6016838,6016926,6016849,6016879,6016856,6016940,6016874,6016849,6016837,6016897,6016858,6016832,6016898,6016857,6016835,6016926,6016893,6016879,6016926,6016915,6016924,6016931,6016849,6016912,6016917,6016921,6016847,6016915,6888809,6016924,6016892,6016880,6016890,6016849,6016856,6016838,6016880,6016877,6016912,6016837,6016879,6016859,6016838,6016837,6016870,6016843,6016834,6016872,6016876,6016849,6016872,6016836,6016872,6016854,6016879,6016907,6016849,6016874,6016885,6016832,6016838,6016858,6016838,6016879,6016912,6016911,6016843,6016939,6016849,6016847,6016929,6016890,6016926,6016838,6016834,6016907,6016861,6016879,6016912,6016931,6016856,6016859,6016828,6016849,6016844,6016914,6016915,6016893,6016933,6016838,6016887,6016885,6016940,6016897,6016930,6016872,6016843,6016856,6016913,6016842,6016834,6016924,6016849,6016834,6016831,6016880,6016872,6016876,6016919,6016838,6016849,6016838,6016849,6888808,6016853,6016891,6016838,6016893,6016838,6016932,6016838,6016910,6016892,6016913,6016891,6016862,6016864,6016896,6016868,6016840,6016863,6016881,6016883,6016854,6016913,6016849,6016838,6016927,6016913,6016926,6016868,6016926,6016880,6016843,6016834,6016849,6016931,6016891,6016939,6016836,6016838,6016926,6016844,6016862,6016939,6016912,6016847,6016856,6016907,6016934,6016833,6016912,6016897,6016842,6016843,6016832,6016856,6016843,6016840,6016873,6016834,6016842,6016827,6016838,6016849,6016930,6016849,6016930,6016879,6016849,6016829,6016873,6016925,6016860,6016854,6016868,6016927,6016879,6016844,6016844,6016839,6016938,6016921,6016837,6016834,6016829,6016879,6016879,6016868,6016872,6016842,6016849,6016849,6016858,6016849,6016831,6016880,6016838,6016849,6016912,6016931,6016899,6016866,6016912,6016832,6016828,6016870,6016849,6016926,6016893,6016849,6016873,6016843,6016907,6016872,6016849,6016849,6016849,6016883,6016932,6016849,6016849,6016856,6016894,6016868,6016872,6016843,6016905,6016831,6016907,6016858,6016856,6016913,6016878,6016838,6016914,6016914,6016938,6016896,6016870,6016927,6016927,6016853,6016926,6016838,6016929,6016928,6016872,6016927,6016855,6016872,6016849,6016864,6016872,6016849,6016926,6016879,6016926,6016849,6016837,6016838,6016879,6016872,6016895,6016849,6016832,6016838,6016907,6016883,6016883,6016893,6016878,6016864,6016912,6016879,6016880,6016880,6016895,6016911,6016847,6016838,6016860,6016862,6016912,6016918,6016933,6016931,6016831,6016907,6016849,6016938,6016857,6016886,6016886,6016827,6016879,6016931,6016873,6016895,6016855,6016879,6016886,6016837,6016907,6016912,6016880,6016873,6016932,6016879,6016843,6016833,6016867,6016932,6016893,6016835,6016926,6016835,6016883,6016870,6016839,6016849,6016849,6016872,6016849,6016879,6016880,6888811,6016838,6016836,6016893,6016870,6016844,6016878,6888809,6016854,6016838,6016831,6016849,6016866,6016849,6016891,6016834,6016838,6016873,6016915,6016938,6016868,6016849,6016838,6016842,6016876,6016937,6016838,6016828,6016912,6016843,6016856,6016868,6016876,6016886,6016832,6016862,6016849,6016877,6016912,6016925,6016934,6016839,6016843,6016838,6016933,6016856,6016866,6016861,6016858,6888808,6016912,6888816,6016926,6016835,6016905,6016873,6016866,6016851,6016838,6016907,6016878,6016849,6016933,6016870,6016893,6016849,6016872,6016857,6016849,6016881,6016862,6016844,6016872,6016858,6888816,6016915,6016907,6016878,6016927,6016934,6016893,6016872,6016856,6016879,6016876,6016832,6016926,6016872,6016897,6016933,6016849,6016907,6016918,6016861,6016832,6016895,6016885,6888811,6016907,6016893,6016843,6016868,6016931,6016836,6016828,6016889,6016850,6016849,6016924,6016838,6016844,6016838,6016862,6016932,6016828,6016872,6016853,6016849,6016907,6016892,6016849,6016838,6016830,6016876,6016934,6016862,6016849,6016838,6016845,6016878,6016882,6016856,6016873,6016838,6016836,6016899,6016863,6016938,6016912,6016838,6016858,6016828,6016872,6016843,6016872,6016879,6016835,6016836,6016914,6016872,6016835,6016870,6016849,6016842,6016838,6016883,6016849,6016840,6016849,6016860,6016924,6016879,6016912,6016849,6016843,6016938,6016931,6016879,6016889,6016879,6016838,6016934,6016890,6016926,6016907,6016918,6016920,6016893,6016844,6016924,6016832,6016912,6016838,6016832,6016838,6016838,6016871,6016834,6016849,6016872,6016835,6016838,6016871,6016873,6016838,6016840,6016872,6016856,6016849,6016926,6016907,6016872,6016930,6016907,6016879,6016933,6016837,6016832,6016838,6016912,6016838,6016933,6016912,6016879,6016912,6016856,6016849,6016843,6016873,6016893,6016842,6016926,6016838,6016832,6016868,6016843,6016840,6016860,6016937,6016872,6016872,6016860,6016873,6016872,6016832,6016897,6016913,6016876,6016897,6016827,6016929,6016843,6016838,6016893,6016897,6016871,6016872,6016926,6016849,6016863,6016907,6016879,6016849,6016907,6016849,6016893,6016876,6016830,6016872,6016892,6888811,6016867,6016843,6016834,6016849,6016830,6016876,6016849,6016843,6016873,6016831,6016858,6016831,6016835,6016849,6016856,6016832,6016926,6016880,6016856,6016899,6016928,6016838,6016897,6016838,6016912,6016912,6016868,6888816,6016939,6016907,6016849,6016843,6016849,6016926,6016926,6016937,6016842,6016844,6016880,6016840,6016849,6016843,6016927,6016879,6016924,6016926,6016878,6016925,6016915,6016856,6016881,6016861,6888816,6016897,6016926,6016849,6016870,6016872,6016837,6016835,6888816,6016890,6016931,6016873,6016913,6016939,6016843,6016906,6016837,6016833,6016940,6016856,6016843,6016912,6016839,6016832,6016893,6016837,6016856,6016930,6016842,6016849,6016917,6016855,6016838,6016849,6016925,6016838,6016867,6016920,6016849,6016844,6016939,6016874,6016912,6016876,6016899,6016849,6016907,6016935,6016838,6016858,6016892,6016835,6016922,6016856,6016873,6016885,6016832,6016870,6016924,6016832,6016849,6016893,6016912,6016868,6016849,6016870,6016933,6016889,6016849,6016849,6016842,6016872,6016890,6016881,6016862,6016932,6016832,6016881,6888811,6016872,6016843,6016833,6016930,6016835,6016842,6016879,6016879,6888816,6016849,6016843,6016870,6016849,6016892,6016855,6016920,6016868,6016831,6016838,6888816,6016838,6016870,6016849,6016879,6016924,6016940,6016832,6016849,6016838,6016849,6016912,6016915,6016879,6016893,6016897,6016874,6016933,6016872,6016838,6016877,6016912,6016879,6016849,6016853,6016867,6016892,6016849,6016912,6016931,6016876,6016843,6016868,6016935,6016937,6016922,6016845,6016872,6016849,6016843,6016920,6016865,6016899,6016867,6016838,6016849,6016891,6016849,6016886,6016868,6016835,6016893,6016867,6016872,6016906,6016838,6016849,6016850,6016843,6016873,6016834,6016849,6016834,6016834,6016856,6016914,6016837,6016835,6016870,6016872,6016868,6016849,6016827,6016858,6016838,6016844,6016849,6016849,6016867,6016883,6016844,6016910,6016891,6016850,6016838,6016940,6016915,6016912,6016879,6016878,6016838,6016868,6016844,6016847,6016872,6016893,6016933,6016849,6016849,6016929,6016879,6016856,6016849,6016849,6016924,6016925,6016879,6016939,6016925,6016893,6016844,6016873,6016843,6016849,6016838,6016856,6888808,6016844,6016878,6016877,6016889,6016835,6016855,6016907,6016828,6016879,6016890,6016872,6016872,6016873,6016924,6016877,6016838,6016838,6016843,6016872,6016849,6016838,6016842,6016879,6016853,6016858,6016880,6016872,6016895,6016905,6016847,6016915,6888811,6016872,6016879,6016856,6016859,6016921,6016847,6016925,6016837,6016868,6016926,6016924,6016836,6016879,6016907,6016912,6016931,6016938,6016843,6016926,6016890,6016931,6016892,6016870,6016849,6016912,6016843,6016917,6016865,6016832,6016939,6016837,6016837,6888811,6016849,6016831,6016879,6016893,6016912,6016849,6016838,6016878,6888809,6016843,6016849,6016899,6016889,6016870,6016839,6888808,6016918,6888816,6016904,6016892,6016890,6016926,6016893,6016861,6016849,6016877,6016862,6016879,6016893,6016898,6016878,6016919,6016895,6016847


--------------------------


expected output: 6016876,6016846,6016849,6016928,6016930,6016838,6016895,6016905,6016910,6016856,6016832,6016897,6016849,6016881,6016896,6016886,6016878,6016849,6016850,6016932,6016865,6016892,6016842,6016932,6016864,6016853,6016897,6016871,6016828,6016886,6016858,6888816,6016870,6016907,6016834,6016938,6016906,6016858,6016922,6888809,6016917,6888816,6016853,6016889,6016837,6016935,6016881,6016896,6016890,6016851,6016857,6016857,6016917,6016834,6016842,6016872,6016881,6016896,6016882,6016847,6016898,6016857,6016892,6016837,6016895,6016838,6016866,6016940,6016854,6016864,6016889,6016881,6016838,6016890,6016832,6016932,6016861,6016881,6016865,6016847,6016893,6016865,6016873,6016920,6016891,6016928,6016842,6016829,6016830,6016843,6016856,6016927,6016830,6016896,6016894,6016886,6016898,6016833,6016935,6016890,6016866,6016886,6016890,6016833,6016850,6016921,6016853,6016892,6016921,6016836,6016874,6016893,6016844,6016871,6016827,6016872,6016933,6016892,6016940,6016861,6016898,6016912,6016840,6016918,6016832,6016924,6016857,6016912,6016836,6016832,6016844,6016835,6016842,6016851,6016929,6888816,6016845,6016829,6016888,6016853,6016879,6016895,6016839,6016854,6016883,6016863,6016895,6016856,6016862,6016898,6016856,6016829,6016839,6016878,6016842,6016913,6016855,6016841,6016921,6016877,6016925,6016924,6016892,6016865,6016931,6016874,6016838,6016873,6016891,6016836,6016867,6016932,6016895,6016899,6888811,6016868,6016853,6016864,6016839,6016882,6016845,6016844,6016940,6016859,6016920,6016870,6016912,6016896,6016920,6016874,6016896,6016839,6016881,6016866,6016866,6016889,6016906,6016859,6016883,6016827,6016833,6016862,6016855,6016878,6016898,6016857,6016887,6016851,6016918,6016890,6016828,6016921,6016841,6016914,6016926,6016882,6016829,6016879,6016919,6016918,6016866,6016858,6016920,6016837,6016844,6016859,6016866,6016838,6016919,6016919,6016857,6016935,6016918,6016870,6016856,6016915,6016883,6016851,6016940,6016889,6016827,6016888,6016917,6016837,6016892,6016864,6016858,6016926,6888808,6016842,6016887,6016862,6016878,6016855,6016935,6016842,6016885,6016838,6016924,6016832,6016940,6016857,6016931,6016938,6016930,6016927,6016827,6016904,6016863,6016864,6016889,6016844,6016867,6016841,6016850,6016834,6016924,6016844,6016871,6888816,6016846,6016882,6016937,6888809,6016897,6016870,6888816,6016876,6016841,6016913,6016922,6016891,6016862,6016925,6016865,6016895,6016887,6016898,6016830,6016935,6016939,6016910,6016877,6016918,6016855,6016866,6016887,6016854,6016910,6016911,6016929,6016894,6016929,6016867,6016933,6016913,6016830,6016877,6016925,6016905,6016876,6016937,6016931,6888811,6016857,6016846,6016928,6016895,6016897,6016937,6016863,6016925,6016938,6016853,6016857,6016931,6016856,6016924,6016921,6016935,6016931,6016853,6016887,6016841,6016853,6016863,6016866,6016891,6016869,6016859,6016897,6016940,6016918,6016911,6016924,6888816,6016890,6016862,6016910,6016850,6016857,6016828,6016880,6016845,6016854,6888809,6016840,6016895,6016889,6016929,6016898,6016921,6016846,6016895,6016864,6016873,6016883,6016834,6016883,6016828,6016866,6016912,6016835,6016895,6016841,6016849,6016873,6016914,6016930,6016849,6016933,6016859,6016836,6016847,6016898,6016938,6016931,6016859,6016849,6016932,6016889,6888816,6016885,6888808,6016885,6016849,6016898,6016910,6016829,6016930,6016863,6016889,6016864,6016859,6016852,6016893,6016869,6016926,6016934,6016912,6016889,6016933,6016845,6016854,6016876,6016867,6016838,6016919,6016869,6016872,6016928,6016878,6016881,6016872,6016899,6016894,6016925,6016878,6016842,6016867,6016847,6016904,6016861,6016835,6016929,6016833,6016878,6016840,6016847,6016872,6016922,6016869,6016847,6016851,6016915,6016855,6016932,6016897,6016928,6016887,6016844,6016883,6016850,6016834,6016890,6016842,6016857,6016911,6016862,6016927,6016871,6016894,6016878,6016933,6016890,6016849,6016885,6016922,6016896,6016854,6016859,6016894,6016849,6016894,6016930,6016837,6016862,6016851,6016912,6016918,6016882,6016838,6016858,6888809,6016892,6016893,6016863,6016896,6016849,6016850,6016924,6016879,6888811,6016874,6016934,6016863,6016876,6016929,6016869,6016873,6016888,6016890,6016909,6016932,6016895,6016905,6016895,6016861,6016845,6016886,6016882,6016894,6016880,6016843,6016924,6016927,6016863,6016864,6016911,6016843,6016887,6016922,6016894,6016935,6016842,6016873,6016892,6016861,6016917,6016911,6016844,6016833,6016939,6016874,6016899,6016938,6016918,6016849,6016829,6016899,6016866,6016854,6016838,6016834,6016907,6016867,6016830,6016829,6016832,6016895,6016930,6016827,6016910,6016928,6016896,6016840,6888811,6016847,6016896,6016889,6016937,6016829,6016878,6016928,6016865,6016833,6016835,6016933,6016864,6016836,6016873,6016905,6016843,6016872,6016926,6016886,6016861,6016860,6016841,6016913,6016923,6016910,6016907,6016925,6016926,6016856,6016940,6016855,6016872,6016924,6016881,6016829,6016839,6888809,6016918,6016919,6016898,6016888,6016909,6016837,6016931,6888808,6016885,6888816,6016897,6016880,6016861,6888809,6016926,6016898,6016834,6016940,6016880,6016869,6016841,6016849,6016911,6016867,6016840,6016896,6016926,6016889,6016898,6016896,6016859,6016909,6016893,6016937,6016907,6016842,6016877,6016939,6016912,6016863,6016938,6888809,6888816,6016921,6016912,6016928,6016851,6016833,6016857,6016895,6016893,6016843,6016938,6016872,6016862,6016863,6016841,6016890,6016882,6016829,6016918,6016867,6016832,6016889,6016933,6016926,6016868,6016930,6016940,6016853,6016842,6016871,6016877,6016870,6016868,6016939,6016939,6016872,6016910,6016885,6016843,6016940,6016925,6016833,6016855,6016837,6016844,6016918,6016919,6016854,6016832,6016854,6016838,6016889,6016939,6016892,6016924,6016890,6016860,6016861,6016911,6016914,6016910,6016891,6016924,6016893,6016844,6016864,6016858,6016939,6016859,6016899,6016886,6016928,6016836,6016891,6016834,6016918,6016934,6016906,6016919,6016859,6016907,6016914,6016834,6016888,6016871,6016858,6016895,6016917,6016844,6016932,6016858,6016842,6016915,6016896,6016921,6888809,6016834,6016859,6016932,6016873,6016898,6016841,6016833,6016894,6016921,6016922,6016866,6016833,6016865,6016939,6016883,6016860,6016937,6016904,6016828,6016838,6016879,6016933,6016915,6016849,6016873,6016842,6016935,6016830,6016858,6016833,6016904,6016863,6016835,6016898,6016871,6016856,6016859,6016919,6016872,6016872,6888816,6016853,6016887,6888809,6016925,6016917,6016827,6016893,6016868,6016829,6016914,6016871,6016888,6016913,6016937,6016906,6016911,6016836,6016851,6888808,6016914,6016934,6016914,6016926,6016925,6888809,6016849,6016927,6016934,6016833,6016911,6016930,6016910,6016877,6016928,6016849,6016936,6016882,6016828,6016883,6016933,6016920,6016895,6016904,6016871,6016861,6016909,6016928,6016855,6016828,6016887,6016859,6016833,6016830,6016887,6016871,6016874,6016935,6016830,6016870,6016936,6016853,6016838,6016883,6016843,6016873,6016855,6016829,6016896,6016921,6016859,6016857,6016877,6016918,6016831,6016940,6016919,6016839,6016899,6016830,6016905,6016906,6016830,6016845,6016914,6016934,6016931,6016828,6016905,6016886,6016905,6016837,6016939,6016877,6016911,6016868,6016876,6016827,6016933,6888816,6016867,6016925,6016937,6016898,6016885,6888811,6016928,6016893,6016934,6016859,6016842,6016862,6016864,6016849,6888811,6016856,6016933,6016863,6016913,6016840,6016883,6016858,6016895,6016855,6016894,6016885,6016870,6016854,6016866,6016927,6016836,6016844,6016885,6016888,6016907,6016911,6016871,6016861,6888808,6016868,6016836,6888808,6016923,6888809,6016927,6016855,6016861,6016928,6016861,6016889,6016869,6016930,6016873,6016837,6888809,6016849,6016891,6888816,6888808,6016925,6016937,6016890,6016873,6016921,6016879,6888809,6016827,6016915,6016866,6016937,6016938,6016855,6016837,6016888,6016885,6016828,6016904,6016933,6888808,6016870,6016878,6016931,6016857,6016891,6016893,6016889,6016881,6016847,6016883,6016886,6016898,6016914,6016864,6016832,6016860,6016842,6016867,6016863,6016843,6016910,6016856,6016876,6016910,6016856,6016858,6016853,6016905,6016915,6016928,6888811,6016854,6016827,6016891,6016912,6016938,6016921,6016841,6016886,6016890,6016872,6016852,6016893,6016882,6016922,6016920,6016831,6016894,6016880,6016913,6016840,6016849,6016891,6016930,6016863,6016870,6016836,6016835,6016932,6016835,6016940,6016854,6016859,6016871,6016899,6016877,6016917,6016881,6016871,6016858,6016854,6016874,6016934,6016840,6888811,6016890,6016828,6016840,6016834,6016831,6016864,6016892,6016936,6016887,6016866,6016834,6016927,6016934,6016828,6016879,6016829,6016914,6016891,6888809,6016829,6016938,6016862,6016880,6016933,6016894,6016938,6016860,6016891,6016845,6016866,6016871,6016915,6016844,6016891,6016838,6016851,6016866,6016929,6016915,6016853,6016868,6888809,6016840,6016927,6016836,6016899,6016883,6016850,6016874,6888811,6016886,6016840,6016840,6016850,6016931,6016853,6016940,6016844,6016913,6016927,6016917,6016882,6016859,6016885,6016874,6016834,6016867,6016877,6016841,6016858,6016874,6016930,6016837,6016894,6016865,6016878,6016898,6016892,6016874,6016894,6016866,6016849,6016858,6016861,6016865,6016929,6016866,6016850,6016865,6016857,6016927,6016936,6016856,6016934,6016940,6016851,6016922,6016841,6016899,6016921,6016829,6016873,6016937,6016893,6016838,6016829,6016892,6016843,6016840,6016853,6888808,6016847,6016857,6016925,6016866,6016885,6016834,6016854,6016889,6016889,6016876,6016925,6016840,6016847,6016887,6016829,6016880,6016904,6016874,6016928,6016851,6016925,6016938,6016842,6016827,6016898,6016928,6016830,6016915,6016922,6016917,6016861,6016890,6016876,6016924,6016866,6016887,6016924,6016915,6888811,6016830,6016877,6016856,6016827,6016868,6016827,6016892,6016895,6016905,6016879,6016915,6016885,6016832,6016859,6016922,6016827,6016841,6016861,6016829,6016897,6016853,6016871,6016837,6016838,6016937,6016928,6016870,6016868,6016921,6016897,6016937,6016912,6016841,6016937,6016868,6016938,6016913,6016888,6016871,6016926,6016920,6016914,6016835,6016847,6016896,6016918,6016854,6016913,6888809,6888811,6016939,6888809,6016911,6016887,6016878,6016871,6016870,6016838,6016863,6016922,6016927,6016860,6016893,6016878,6016928,6016936,6016830,6016862,6888811,6016933,6016893,6016905,6016918,6016865,6016906,6888808,6016937,6016907,6016905,6016926,6016917,6016856,6016907,6016931,6016877,6016828,6016858,6016827,6016861,6016933,6016906,6016857,6016829,6016832,6016876,6888809,6016859,6016871,6016836,6016924,6016929,6016907,6016834,6016885,6016834,6016873,6016841,6016854,6016891,6016880,6016905,6016940,6016906,6016926,6016847,6016878,6016860,6016839,6016924,6016860,6016865,6016850,6016915,6016871,6016926,6016854,6016863,6016889,6016886,6016835,6016856,6016836,6016880,6016899,6016895,6016854,6016892,6016887,6016909,6016871,6016857,6016827,6016890,6016921,6016853,6016889,6016869,6016887,6016895,6016859,6888808,6016911,6016890,6016930,6016917,6016851,6016838,6888816,6016844,6016836,6016874,6016927,6016877,6888808,6888816,6016839,6888811,6016876,6016896,6016864,6016850,6016912,6016891,6016919,6016859,6016831,6016869,6016938,6016882,6016849,6016891,6016844,6016931,6016925,6016847,6016897,6016857,6016881,6016935,6016870,6016907,6016856,6016827,6016877,6016911,6016912,6016896,6888808,6016869,6016830,6016930,6016915,6016913,6016929,6016928,6016846,6016904,6016935,6016861,6016886,6016844,6016828,6016912,6016836,6016891,6016857,6016939,6016918,6016870,6016842,6016846,6016927,6016857,6016861,6016905,6016842,6016870,6016847,6016930,6016863,6016871,6016891,6016863,6016930,6016837,6016832,6016925,6016927,6016829,6016932,6016880,6016829,6016838,6016829,6016888,6016940,6016930,6016839,6016859,6888809,6016912,6016939,6016878,6016910,6016912,6016876,6016878,6016917,6888811,6016835,6016915,6016940,6016885,6016912,6016913,6016910,6016836,6016854,6016878,6016838,6016851,6016851,6016870,6016893,6016872,6016851,6016894,6016867,6016854,6016836,6016844,6016896,6016844,6016868,6016919,6016876,6016864,6016893,6016907,6016932,6016871,6016925,6016835,6016833,6016931,6016938,6016912,6016856,6016863,6016939,6016906,6016850,6016930,6016895,6016853,6016854,6016854,6016912,6016938,6016924,6016921,6016894,6016886,6016937,6016872,6016869,6016868,6016837,6016879,6016940,6016838,6016940,6016913,6016905,6888811,6016874,6016911,6016872,6016932,6016876,6016907,6016853,6016904,6016860,6016856,6016910,6016846,6016864,6016876,6016860,6016906,6016898,6016899,6016921,6016872,6016891,6016887,6016871,6016869,6016905,6016835,6016922,6016897,6016854,6016927,6016862,6016895,6016874,6016828,6016849,6016909,6016849,6016891,6016830,6016868,6016890,6016854,6016915,6016827,6016910,6016895,6016898,6016892,6016842,6016925,6016897,6016927,6016926,6016867,6016914,6016897,6016912,6016919,6016836,6016856,6016879,6016905,6016921,6016862,6888808,6016871,6016856,6888816,6016915,6016837,6016914,6016918,6016858,6016832,6016883,6016911,6016881,6016918,6016867,6016899,6016831,6016830,6016890,6016925,6016913,6016893,6016851,6016855,6016906,6016933,6016844,6016907,6016888,6016880,6016897,6016898,6016882,6016921,6016832,6016897,6016937,6016930,6016915,6016915,6016896,6016893,6016846,6016915,6016938,6016855,6016911,6016855,6016931,6016890,6016837,6016829,6016863,6016940,6016845,6016863,6016838,6016862,6016937,6016896,6016871,6016828,6016877,6016872,6016897,6016930,6016845,6016862,6016859,6016851,6016892,6016867,6016863,6016887,6016871,6016836,6016845,6016925,6016831,6016928,6016834,6016904,6016897,6016841,6016879,6016889,6016909,6016866,6016913,6016937,6016832,6016927,6016832,6016840,6016845,6016892,6016877,6016887,6016863,6016905,6016831,6016914,6016925,6016838,6016847,6016912,6016938,6016837,6016889,6016934,6016859,6016851,6016868,6016937,6016859,6016845,6016911,6016895,6016872,6016845,6016894,6016917,6016830,6888809,6016836,6016877,6016897,6016917,6016883,6016874,6016896,6016928,6016931,6016843,6016861,6016843,6016913,6016887,6016897,6016843,6016895,6016869,6016831,6016904,6016935,6016924,6016873,6016932,6016910,6016891,6016847,6016858,6016907,6016898,6016883,6016873,6016911,6016911,6016890,6016885,6016872,6016868,6016865,6016910,6016926,6016894,6016891,6016855,6016889,6016914,6016924,6016907,6016898,6016921,6016843,6016873,6016833,6016850,6016924,6016931,6016879,6016877,6016842,6016838,6016867,6016927,6016834,6016851,6016910,6016832,6016895,6016879,6016905,6888809,6016919,6016925,6016915,6016865,6016915,6016864,6016854,6016832,6016853,6016897,6016926,6016851,6016894,6016909,6016869,6016892,6016864,6016892,6016907,6016910,6016840,6016915,6016894,6016936,6016940,6016869,6016905,6016897,6016897,6016922,6016905,6016917,6016922,6016910,6016895,6016837,6016919,6016899,6016882,6016863,6016885,6016849,6016861,6016854,6016833,6016869,6016829,6016914,6016863,6016936,6016927,6016837,6016897,6016906,6016896,6016838,6016931,6016843,6016928,6016920,6016842,6016841,6016889,6016878,6016854,6016869,6016913,6016854,6016930,6016827,6016939,6016936,6888808,6888808,6016843,6016899,6016850,6016910,6016833,6016911,6016914,6016914,6016838,6016899,6016847,6016897,6016907,6016865,6016917,6016905,6016910,6016866,6016840,6016862,6016905,6016834,6016899,6016842,6016937,6016881,6016907,6016896,6016861,6016864,6016933,6016840,6016855,6016907,6016842,6016931,6016837,6016919,6016850,6016919,6016858,6016854,6016926,6016935,6016933,6016889,6016868,6016865,6888816,6016850,6016857,6016894,6016878,6016866,6016921,6016913,6016871,6016831,6016859,6016833,6016919,6016921,6016915,6016929,6016920,6016899,6016829,6016863,6016928,6888811,6016906,6016845,6016862,6016829,6016882,6016885,6016843,6016836,6016932,6016929,6016863,6888808,6016925,6016839,6016861,6016883,6016843,6016831,6016926,6016872,6016834,6016849,6016897,6016912,6016934,6016885,6016888,6016927,6888816,6016860,6016887,6016836,6016843,6016835,6016851,6016870,6016933,6016892,6016915,6016939,6888816,6016927,6016927,6016937,6016877,6016869,6016887,6016842,6016871,6016846,6016867,6016829,6016924,6016879,6016895,6016834,6016847,6016842,6016857,6016849,6016831,6016828,6016931,6016861,6016880,6016912,6016831,6016918,6016871,6016924,6016863,6888808,6016835,6016913,6016910,6888808,6016837,6016940,6016920,6016925,6016939,6016833,6016827,6016883,6016860,6016854,6016861,6016871,6016873,6016835,6016893,6016880,6016854,6016928,6016868,6016920,6016844,6016935,6016892,6016858,6016913,6016912,6016883,6016915,6016854,6016934,6016896,6016827,6016828,6016881,6016917,6016894,6016858,6016921,6016874,6016879,6016864,6016873,6016856,6016871,6016866,6016834,6016940,6888809,6016883,6016843,6016832,6016895,6016939,6016885,6016856,6016853,6016937,6016862,6016918,6016868,6016913,6016919,6016851,6016866,6016877,6016925,6016886,6016889,6016847,6016886,6016874,6016879,6016843,6016930,6016828,6016883,6016886,6016851,6016840,6016881,6016912,6016886,6016833,6016870,6016828,6016892,6016893,6016868,6016913,6888808,6016926,6016897,6016904,6016831,6016917,6016862,6016879,6888811,6016864,6016907,6888811,6016830,6016907,6016894,6016849,6016907,6016856,6016926,6016886,6016913,6016927,6016889,6016857,6016844,6016844,6016920,6016905,6016853,6016891,6016880,6016858,6016913,6016880,6016892,6016866,6016898,6016889,6016868,6016930,6016866,6016888,6016870,6016855,6016830,6016863,6016857,6016869,6016827,6016895,6016883,6016827,6016842,6888809,6016871,6016840,6016888,6016832,6016939,6016827,6016858,6016874,6016847,6016882,6016893,6016924,6016927,6016857,6016871,6016919,6016873,6016932,6888811,6016882,6016857,6016880,6016933,6016868,6016882,6016883,6016856,6016839,6888816,6016928,6016895,6016940,6016899,6016899,6016899,6016915,6016892,6016845,6016892,6016868,6016856,6888811,6016937,6016827,6016919,6016862,6016843,6016870,6016936,6016833,6016913,6016897,6016864,6016911,6016847,6016883,6016874,6016830,6016888,6016837,6016867,6016881,6016891,6016896,6016870,6016851,6016837,6016912,6016924,6016919,6016934,6016917,6016937,6016893,6016857,6016921,6016839,6016850,6016828,6016851,6016849,6016910,6016888,6016905,6016934,6016858,6016878,6016940,6016906,6016892,6016841,6016873,6016874,6016845,6888809,6016892,6016858,6016938,6016832,6016874,6016929,6016897,6016828,6016890,6016858,6016880,6016868,6016834,6016857,6016834,6016885,6016861,6016907,6016905,6016922,6016841,6016836,6016930,6016907,6016832,6016893,6016911,6016828,6016909,6016847,6016896,6016834,6016845,6016851,6016881,6016910,6016905,6016860,6016905,6016906,6016839,6016832,6016896,6016899,6016860,6016873,6016880,6016835,6016887,6016880,6016866,6016859,6016864,6016915,6016917,6016938,6016934,6016856,6016929,6016890,6016835,6016830,6016938,6016887,6016860,6016895,6016937,6016937,6016858,6016843,6016907,6016914,6016840,6016933,6016866,6016918,6016859,6016910,6016829,6016841,6016871,6016930,6016930,6016864,6016864,6016878,6016922,6016880,6016915,6888808,6016835,6016929,6016843,6016912,6016827,6016870,6016882,6016912,6016909,6016838,6016931,6016877,6016880,6016892,6016899,6016921,6016862,6888811,6016892,6016863,6016893,6016829,6016940,6016912,6016831,6016897,6016856,6016858,6016934,6016849,6016910,6016859,6016854,6016871,6016868,6016836,6016850,6016883,6016843,6016917,6016904,6016912,6016933,6016932,6016868,6016890,6016844,6016924,6016911,6016840,6016917,6016838,6016924,6016844,6016836,6016865,6016919,6016935,6016896,6016939,6016892,6016889,6016866,6016864,6016885,6016827,6016892,6016915,6016913,6016918,6016921,6016845,6016865,6016855,6016927,6016835,6016867,6016865,6016931,6016917,6016865,6016833,6016880,6016914,6016924,6888808,6016911,6016880,6016873,6016925,6016865,6016905,6016860,6016827,6016899,6016838,6016839,6016877,6016877,6016856,6016833,6016912,6016865,6016896,6016895,6888809,6016919,6016871,6016892,6016872,6016850,6016882,6016897,6016836,6016899,6016931,6016907,6016868,6016853,6016891,6016881,6016938,6016915,6016856,6016938,6016837,6016874,6888808,6016938,6016829,6016849,6016887,6016865,6016843,6016907,6016867,6016937,6016935,6016837,6016854,6016904,6016832,6016845,6016915,6016936,6016918,6016828,6888816,6888809,6016926,6016930,6016890,6016920,6888811,6016927,6016883,6016831,6016837,6016906,6016914,6016935,6016856,6016892,6016934,6016861,6888808,6016854,6016860,6016864,6016847,6016861,6016873,6016832,6016890,6016922,6016868,6016873,6016892,6016879,6016938,6016843,6016878,6016859,6016898,6016845,6016838,6016935,6016891,6016876,6016853,6016844,6016926,6888811,6016929,6016938,6016880,6016932,6016892,6016868,6016913,6016883,6016868,6016898,6016890,6016892,6016940,6888808,6016871,6016831,6888816,6016873,6016899,6888816,6016873,6016909,6016940,6016891,6016920,6016935,6016830,6016915,6016853,6016907,6016827,6016834,6016845,6016918,6016836,6016937,6016860,6016879,6888808,6016922,6888809,6016831,6016914,6016935,6016939,6016849,6016885,6016836,6016921,6016933,6016878,6016933,6016881,6016913,6016833,6016847,6016830,6016862,6016928,6016855,6888811,6016858,6016854,6016912,6016897,6016832,6016913,6016894,6016934,6016931,6016841,6016839,6016878,6016913,6016922,6016829,6016886,6016911,6016842,6016905,6016831,6016914,6016852,6016870,6016917,6016924,6016851,6016871,6016859,6016927,6016919,6016898,6016865,6016832,6016928,6016919,6016925,6016918,6016937,6016910,6016860,6016907,6016867,6016868,6016832,6016840,6016878,6016874,6016834,6016913,6016893,6016835,6016921,6888809,6888808,6016931,6016917,6016851,6016895,6016830,6016867,6016877,6016922,6016938,6016869,6016896,6016844,6016915,6016866,6016874,6016865,6016924,6016859,6016876,6016929,6016843,6016927,6016870,6016880,6016882,6016929,6016925,6016927,6016932,6016869,6016897,6016879,6016922,6016940,6016917,6016878,6016841,6016862,6016879,6016898,6016887,6016862,6016835,6016917,6016865,6016846,6016888,6016929,6016863,6016880,6016850,6016854,6016862,6016881,6016906,6888816,6016887,6016831,6016862,6016873,6016868,6016870,6888811,6016912,6016856,6016899,6016896,6016935,6016933,6888811,6888808,6016913,6016940,6016891,6016935,6016828,6888811,6016934,6016896,6016915,6016894,6016871,6016905,6016851,6016905,6016857,6016926,6016857,6016866,6016910,6016931,6016898,6016937,6016890,6016850,6016886,6016858,6016837,6016844,6016924,6016879,6016919,6016862,6016831,6016873,6016896,6016861,6016914,6016833,6016919,6016835,6016939,6016883,6016918,6016828,6016830,6016912,6016836,6016865,6016843,6016883,6016881,6016920,6016847,6888808,6016938,6016878,6016843,6016883,6016854,6016844,6888811,6016830,6016862,6016893,6016896,6016866,6016919,6016917,6016838,6016922,6016888,6016844,6016887,6016913,6016929,6016831,6016896,6016910,6016920,6016834,6016897,6016865,6016907,6016830,6016839,6016891,6016880,6016913,6016864,6016847,6016833,6016841,6016904,6016915,6016843,6016871,6016832,6016907,6016867,6016906,6016909,6016835,6016917,6016882,6016882,6016858,6016882,6016935,6016858,6016929,6016858,6016898,6016862,6016888,6016873,6016853,6016926,6016841,6016933,6016876,6016838,6016865,6016887,6016835,6016881,6016911,6016883,6016883,6016892,6016936,6016887,6016876,6016836,6016833,6016862,6016868,6016834,6888816,6016833,6016937,6016932,6016838,6016853,6016930,6016878,6016857,6016877,6016841,6016876,6016858,6016873,6016899,6016897,6016879,6016932,6016840,6016851,6016837,6016866,6016845,6016872,6016936,6016837,6016921,6016863,6016837,6016829,6016849,6016891,6888816,6016856,6016876,6016910,6016940,6888808,6016855,6016876,6016927,6016876,6016828,6016931,6016850,6016915,6016874,6016922,6016905,6016845,6016926,6016934,6016881,6016890,6016863,6016828,6016912,6888808,6016911,6016869,6016889,6016871,6016841,6016933,6016920,6016920,6016844,6016834,6016865,6016867,6016907,6016881,6016920,6016847,6016926,6016862,6016854,6016870,6016912,6016853,6016920,6016827,6016843,6016858,6016844,6016925,6016935,6016886,6016883,6016907,6016915,6016881,6016906,6016861,6016932,6016939,6016864,6016865,6016833,6016939,6016840,6016936,6016899,6888809,6016827,6016889,6888808,6016844,6016876,6016846,6016894,6016828,6016881,6016827,6016938,6016844,6888808,6016880,6016933,6016868,6016877,6016849,6016880,6016830,6016920,6016857,6016857,6016905,6016939,6016896,6888811,6016934,6016915,6016921,6016938,6016829,6016860,6016932,6016921,6016843,6016898,6016874,6016914,6016910,6016853,6016882,6016924,6016910,6016891,6016829,6016839,6016832,6016840,6016838,6016831,6016835,6016898,6016933,6016876,6016927,6016862,6016910,6016872,6016857,6016871,6016857,6016897,6016851,6016930,6016873,6016917,6016861,6016893,6016913,6016860,6016894,6016921,6888808,6016907,6016840,6016915,6016912,6016919,6016887,6016895,6016879,6016829,6016917,6016918,6016853,6016927,6016845,6016888,6016866,6016906,6016895,6016928,6016857,6016861,6016883,6016925,6016895,6016872,6016845,6016899,6016890,6016922,6016838,6016844,6016858,6016854,6016842,6016878,6016932,6016889,6016834,6016836,6016855,6016847,6016871,6016940,6016887,6016869,6016890,6016930,6016886,6016918,6016918,6016840,6016909,6016887,6016897,6016921,6016914,6016836,6016851,6016829,6016905,6016858,6016937,6016835,6016869,6016829,6016830,6016849,6016840,6016886,6016897,6016837,6016891,6016919,6016904,6016925,6016893,6016878,6016933,6016924,6016859,6016897,6016930,6016844,6016909,6016830,6016870,6016880,6016862,6016868,6016857,6016896,6016872,6016932,6016887,6016879,6016837,6016827,6016857,6016931,6016887,6016937,6888809,6016915,6016843,6016837,6016926,6888809,6016910,6016880,6016912,6016909,6016828,6016849,6016886,6016895,6016926,6016857,6016869,6016890,6016921,6016858,6016878,6016831,6016897,6016910,6016873,6016895,6016911,6016897,6016849,6016872,6016919,6016843,6016861,6016927,6016867,6016885,6016881,6016918,6016892,6016853,6016919,6888809,6016855,6016865,6016887,6016844,6016934,6016869,6016939,6016840,6016849,6016936,6016935,6016851,6016877,6016864,6016861,6016836,6016899,6016939,6016834,6016937,6016866,6016899,6016836,6016827,6016890,6016878,6016906,6016828,6016887,6016859,6016911,6016845,6016857,6016921,6016837,6016933,6016899,6016828,6016924,6888809,6016932,6016883,6016881,6016858,6016844,6016899,6016887,6016863,6016842,6016856,6016925,6016940,6016850,6016853,6016931,6016864,6016860,6016885,6016849,6016918,6016877,6016866,6888809,6016906,6016914,6016910,6016905,6016837,6016915,6016907,6016898,6016862,6016887,6016922,6016865,6016887,6016878,6016872,6016840,6016919,6016840,6016912,6016907,6016905,6016919,6016898,6016868,6016911,6016889,6016891,6016873,6016830,6016912,6016854,6016872,6016895,6016897,6016859,6016873,6016876,6016849,6016920,6016873,6016849,6016840,6016928,6016922,6016858,6016876,6888811,6016887,6016935,6016843,6016876,6016856,6016918,6016869,6016904,6888816,6016861,6016836,6016830,6016831,6016898,6016891,6016849,6016877,6016919,6016867,6016844,6016931,6016918,6016829,6016851,6016930,6016869,6016838,6016862,6016883,6016925,6888811,6016856,6016872,6016834,6016918,6016893,6016847,6016850,6016920,6016885,6016879,6016909,6016939,6016891,6016933,6016935,6016935,6016887,6016853,6016885,6016931,6016845,6016853,6016932,6016876,6016834,6016868,6016853,6016850,6016843,6016920,6016940,6016905,6016830,6016890,6016860,6016930,6016870,6016910,6016845,6016897,6016849,6016856,6016939,6016921,6016874,6016926,6016933,6016872,6016911,6016931,6016897,6016899,6016856,6016923,6016873,6016829,6016873,6016932,6016849,6016878,6016837,6016834,6016920,6016893,6016832,6016918,6016932,6016893,6016854,6016919,6016928,6016895,6016869,6016865,6016905,6888816,6016886,6016850,6016922,6016926,6016855,6016832,6016838,6016895,6016934,6016845,6016827,6016910,6016829,6016892,6016829,6016843,6016832,6016869,6016929,6888811,6016882,6016857,6016871,6888809,6016843,6016870,6016855,6016861,6016935,6016932,6016861,6016830,6016831,6016920,6016917,6016845,6016857,6016835,6016899,6016840,6016865,6016827,6016839,6016853,6016907,6016881,6016859,6016919,6016899,6016849,6016925,6016937,6016835,6016829,6016887,6016926,6016829,6016891,6016891,6016904,6016830,6016887,6016877,6016839,6016934,6016906,6016829,6016886,6016931,6016886,6016918,6016845,6016859,6016920,6016858,6016912,6016851,6016833,6016849,6016893,6016911,6016857,6016895,6016891,6016911,6016918,6016835,6016845,6016873,6016907,6016895,6016827,6016890,6016863,6016926,6888816,6016911,6016880,6016866,6016929,6016919,6016879,6016869,6016892,6016849,6016925,6016835,6016849,6016874,6016849,6016843,6016899,6888808,6016910,6016924,6016838,6016859,6016881,6016906,6016860,6016882,6016885,6016937,6016917,6016851,6016905,6016893,6016922,6016851,6016882,6016863,6016844,6016855,6016890,6016881,6016828,6016932,6016840,6016913,6016831,6016842,6016886,6016844,6016836,6016922,6016905,6016868,6016838,6016842,6016853,6016940,6016905,6016880,6016840,6016889,6016862,6016847,6016921,6016912,6016868,6016867,6016919,6016907,6016911,6016830,6016907,6016862,6016833,6016838,6016886,6016844,6016894,6016866,6016882,6016913,6016905,6016855,6016845,6016835,6016881,6016870,6016843,6016917,6016915,6888816,6016934,6016921,6016931,6016886,6016861,6016842,6016869,6016895,6016876,6016831,6016863,6016863,6016831,6016855,6016910,6016832,6016856,6016839,6016927,6016924,6016856,6016879,6016832,6016853,6016928,6016878,6016862,6016874,6016885,6016940,6016865,6016914,6016896,6016935,6016909,6016832,6016853,6016882,6016905,6016843,6016886,6016839,6016927,6016899,6016835,6016940,6016907,6016872,6016926,6016932,6016893,6016868,6016889,6016842,6016924,6016837,6016933,6016896,6016894,6016836,6016832,6888816,6016881,6016835,6016933,6016871,6016837,6016897,6016857,6016844,6016841,6016876,6016853,6016938,6016845,6016859,6016930,6888808,6016862,6016872,6016879,6016840,6016887,6016893,6016922,6016919,6016859,6016840,6016854,6016893,6016929,6016867,6016885,6016937,6016853,6888811,6016911,6016856,6016877,6016855,6016896,6016857,6016888,6016838,6016860,6016874,6016857,6016830,6888816,6888811,6016831,6016838,6016849,6016883,6016933,6016893,6016843,6016927,6016854,6016898,6016931,6016859,6016857,6016917,6016935,6016847,6016845,6016906,6016924,6016863,6016913,6016891,6016868,6016847,6016850,6016880,6016877,6016930,6016828,6016892,6016867,6016938,6016842,6016870,6016840,6016834,6016863,6016876,6016869,6016897,6016836,6016896,6016913,6016890,6016911,6016849,6016874,6016898,6016842,6888811,6888811,6016921,6016835,6016914,6016911,6016842,6016939,6016913,6016847,6016932,6016890,6016940,6016867,6016881,6016907,6016861,6016891,6016914,6016932,6016836,6888816,6016827,6016934,6016842,6016914,6016915,6016881,6016933,6016936,6016887,6016885,6016939,6016885,6016910,6016877,6016874,6016855,6016851,6016897,6016834,6016924,6016846,6016885,6016829,6016895,6016924,6016873,6016919,6016871,6016937,6016845,6016937,6888808,6016853,6016895,6016909,6016829,6016917,6016932,6016837,6016911,6016892,6016913,6016886,6016863,6016864,6016896,6016868,6016829,6016833,6016881,6016883,6016854,6016847,6016918,6016894,6016927,6016868,6016924,6016934,6016931,6016881,6016927,6016838,6016857,6016931,6016891,6016939,6016836,6888811,6016897,6016832,6016862,6016939,6016929,6016859,6016855,6888809,6016934,6016863,6016915,6016905,6016829,6016835,6016864,6016857,6016890,6016840,6016872,6016834,6016861,6016827,6016912,6016918,6016930,6016917,6016924,6016878,6016879,6016829,6016873,6016915,6016860,6016854,6016919,6016898,6016870,6016841,6016866,6016839,6016936,6016921,6016837,6016834,6016829,6016865,6016879,6016934,6016897,6016839,6016850,6016935,6016937,6016851,6016828,6016895,6016862,6016937,6016853,6016926,6016889,6016866,6016910,6016898,6016885,6016911,6016913,6016928,6016890,6016922,6016873,6016839,6016914,6016827,6016940,6016835,6016859,6016883,6016932,6016914,6016934,6016868,6016894,6016859,6016877,6016925,6016893,6016831,6016876,6016856,6016922,6016858,6016909,6016859,6016914,6888808,6016938,6016872,6016827,6016873,6016927,6016853,6016924,6016913,6016929,6016897,6016870,6016927,6016855,6016926,6016919,6016864,6016886,6888816,6016898,6016925,6016931,6016857,6016830,6016833,6016830,6016871,6016881,6016837,6016842,6016926,6016872,6016883,6016879,6016837,6016895,6016864,6016847,6016887,6016881,6016883,6016895,6016911,6016859,6016910,6016860,6016864,6016912,6016918,6016933,6016913,6016830,6016907,6016935,6016938,6016857,6016886,6016886,6016827,6016888,6016930,6016871,6016894,6016854,6016835,6016886,6016863,6016907,6016925,6016880,6016870,6016932,6016906,6016896,6016828,6016867,6016931,6016911,6016835,6016927,6016933,6016883,6016888,6016839,6016922,6016934,6016873,6016905,6016878,6016879,6888811,6016917,6016836,6016893,6016898,6016865,6016882,6016873,6016854,6016847,6016831,6016912,6016866,6016849,6016929,6016834,6016863,6016877,6016857,6016936,6016838,6888811,6016893,6016842,6016871,6016937,6888808,6016888,6016920,6016843,6016867,6016868,6016870,6016886,6016841,6016879,6016919,6016899,6016912,6016925,6016934,6016839,6016894,6016864,6016933,6016855,6016866,6016834,6016855,6016914,6888808,6888816,6016933,6016832,6016892,6016870,6016866,6016851,6016843,6016906,6016881,6016920,6016933,6016870,6016839,6016917,6016886,6016857,6016869,6016887,6016862,6016866,6016877,6016858,6888816,6016913,6016907,6016830,6016927,6016934,6016934,6016911,6016859,6016887,6016873,6016831,6016924,6016877,6016863,6016933,6888808,6016907,6016918,6016839,6016838,6016895,6016885,6888811,6016830,6016891,6016828,6016861,6016931,6016836,6016864,6016889,6016919,6016937,6016926,6016866,6016842,6016885,6016862,6016932,6016833,6016873,6888816,6016830,6016872,6016935,6016919,6016861,6016830,6016907,6016855,6016862,6016832,6016862,6016845,6016878,6016909,6016856,6016873,6016929,6016836,6016899,6016864,6016936,6888808,6016862,6888811,6016934,6016874,6016842,6016899,6016881,6016891,6016836,6016914,6016872,6016864,6016876,6016934,6016841,6016862,6016883,6016856,6016840,6016847,6016860,6016931,6016893,6016931,6016934,6016843,6888808,6016931,6016881,6016889,6016892,6016928,6016934,6016878,6016886,6016906,6016918,6016920,6016895,6016828,6016933,6016832,6016891,6016829,6016897,6016864,6016866,6016871,6016933,6016835,6016871,6016879,6016869,6016873,6016871,6016850,6016840,6016871,6016849,6016868,6016924,6016894,6016877,6016926,6016906,6016881,6016933,6016864,6016855,6016864,6016936,6016935,6016932,6016857,6016885,6016915,6016853,6888811,6016896,6016871,6016893,6016842,6016898,6016865,6016840,6016861,6016904,6016868,6016860,6016905,6016877,6016927,6016860,6016877,6016930,6016893,6016898,6016853,6016889,6016827,6016827,6016929,6016839,6016929,6016843,6016929,6016871,6016886,6016926,6016857,6016868,6016873,6016887,6016937,6888809,6016921,6016851,6016914,6016830,6016896,6016938,6888811,6016867,6016899,6016929,6016936,6016830,6016876,6016914,6016843,6016877,6016830,6016858,6016831,6016879,6016855,6016860,6016832,6016931,6016880,6016832,6016870,6016915,6016926,6016898,6016927,6016925,6888808,6016868,6888816,6016939,6016914,6016838,6016882,6016913,6016930,6016831,6016861,6016843,6016842,6016891,6016869,6016917,6016883,6016927,6016887,6016924,6016905,6016861,6016927,6016915,6016867,6016890,6016867,6888816,6016927,6016887,6016853,6016885,6016930,6016834,6016924,6888816,6016904,6016931,6016877,6016917,6016939,6016881,6016885,6016836,6016863,6016940,6016855,6016929,6016914,6016839,6016831,6016879,6016836,6888811,6016931,6016863,6016849,6016917,6016855,6016837,6888811,6016925,6016897,6888811,6016920,6016918,6016844,6016939,6016874,6016926,6016888,6016893,6888808,6016889,6016937,6016907,6016858,6016892,6016886,6016922,6016837,6016871,6016885,6016832,6016910,6016924,6016898,6888811,6016842,6016912,6016853,6016850,6016885,6016933,6016905,6016868,6016852,6016829,6016871,6016889,6016880,6016933,6016929,6016841,6016879,6016918,6016926,6016843,6016828,6016931,6016861,6016880,6016888,6016891,6888816,6016853,6016861,6016870,6888808,6016841,6016855,6016920,6016834,6016838,6016920,6888811,6016861,6016930,6016837,6016840,6016924,6016855,6016831,6016855,6016922,6016867,6016914,6016911,6016890,6016849,6016897,6016874,6016869,6016872,6016927,6016877,6016850,6016849,6016866,6016853,6016867,6016872,6016940,6016938,6016931,6016929,6016893,6016936,6016935,6016935,6016922,6016921,6016877,6016850,6016906,6016920,6016844,6016893,6016867,6016833,6016923,6016905,6016851,6016886,6016838,6016897,6016909,6016860,6016870,6016888,6016913,6016915,6016918,6016844,6016874,6016834,6016840,6016880,6016834,6016856,6016914,6016865,6016889,6016870,6016940,6016933,6016855,6016827,6016934,6016850,6016843,6016856,6016845,6016855,6016883,6016842,6016910,6016887,6016913,6888811,6016915,6016849,6016938,6016843,6016878,6016870,6016837,6016843,6016849,6016907,6016911,6016933,6016915,6016913,6016925,6016896,6888811,6016847,6016857,6016924,6016925,6016844,6016911,6016925,6016895,6016843,6016871,6016904,6016919,6016926,6016858,6016927,6016844,6016881,6016899,6016907,6016896,6016867,6016909,6016835,6016882,6016887,6888808,6016912,6016874,6016925,6016877,6016919,6016921,6016829,6016872,6016869,6016933,6016831,6016876,6016853,6016860,6016844,6016926,6016895,6016905,6016847,6016915,6888811,6016910,6016909,6016860,6016857,6016905,6016847,6016925,6016837,6016868,6016926,6016926,6016836,6016888,6016876,6016915,6016931,6016939,6016839,6016926,6016893,6016930,6016892,6888809,6016860,6016912,6016935,6016917,6016837,6016865,6016940,6016832,6016838,6888811,6016918,6016830,6016880,6016895,6016914,6888816,6016863,6016881,6016905,6016831,6016860,6016877,6016889,6016939,6016839,6888808,6016918,6888816,6016904,6888809,6016894,6016930,6016894,6016861,6016891,6016877,6016864,6016885,6016894,6016866,6016878,6016919,6016894,6016847
